Geography,DataYears,Anencephaly,Anophthalmia_microphthalmia,Anotia_microtia,Aortic_valve_stenosis,Atrial_septal_defect,Atrioventricular_septal_defect__,Biliary_atresia,Bladder_exstrophy,Choanal_atresia,Cleft_lip_alone,Cleft_lip_with_cleft_palate,Cleft_palate_alone,Clubfoot,Coarctation_of_the_aorta,Common_truncus__truncus_arterios,Congenital_cataract,Congenital_posterior_urethral_va,Craniosynostosis,Deletion_22q11_2,Dextro_transposition_of_great_ar,Diaphragmatic_hernia,Double_outlet_right_ventricle,Ebstein_s_anomaly,Encephalocele,Esophageal_atresia_tracheoesopha,Gastroschisis,Holoprosencephaly,Hypoplastic_left_heart_syndrome,Hypospadias,Interrupted_aortic_arch,Limb_deficiencies__reduction_def,Omphalocele,Pulmonary_valve_atresia,Pulmonary_valve_atresia_and_sten,Rectal_and_large_intestinal_atre,Renal_agenesis_hypoplasia,Single_ventricle,Small_intestinal_atresia_stenosi,Spina_bifida_without_anencephaly,Tetralogy_of_Fallot,Total_anomalous_pulmonary_venous,Transposition_of_the_great_arter,Tricuspid_valve_atresia,Tricuspid_valve_atresia_and_sten,Trisomy_13,Trisomy_18,Trisomy_21__Down_syndrome_,Turner_syndrome,Ventricular_septal_defect,TotalMaleBirths,TotalFemaleBirths,TotalLiveBirths
Albany,2000-2002,1,0,0,2,19,3,2,0,1,3,7,9,9,2,1,2,0,2,0,2,3,3,0,0,0,1,1,4,29,0,4,0,1,8,3,3,0,3,0,7,0,2,1,1,1,2,12,1,39,4951,4799,9750
Allegany,2000-2002,0,0,0,0,0,1,0,0,0,0,2,0,4,0,0,0,0,0,0,0,1,0,0,1,1,0,1,0,5,0,3,1,0,0,2,2,0,0,1,0,0,0,0,0,0,0,2,0,6,811,799,1610
Bronx,2000-2002,1,5,2,4,184,14,5,0,5,13,27,38,99,27,2,11,5,9,2,6,8,18,0,6,5,10,5,18,188,2,14,6,4,33,22,20,2,24,16,28,9,6,1,4,8,8,60,3,192,34858,33306,68165
Broome,2000-2002,0,0,0,4,35,1,1,0,0,1,7,4,14,7,0,1,2,3,0,1,1,5,0,0,3,0,0,2,23,2,3,2,2,23,2,5,1,2,1,1,0,1,0,0,0,1,8,0,40,3352,3068,6421
Cattaraugus,2000-2002,0,0,1,0,6,0,0,0,3,2,4,0,6,1,0,0,1,0,0,0,0,0,0,0,3,1,1,1,7,0,1,1,0,2,2,1,0,0,1,1,0,0,0,0,0,0,3,0,15,1576,1420,2998
Cayuga,2000-2002,1,0,0,0,0,1,1,0,0,0,5,2,5,0,0,1,0,5,0,0,0,0,0,1,2,0,0,0,18,1,0,0,0,2,2,1,0,1,0,0,0,0,0,0,0,0,2,0,6,1349,1311,2660
Chautauqua,2000-2002,0,1,1,1,26,3,0,0,0,2,3,3,10,3,1,0,0,3,0,1,2,2,0,1,3,0,0,4,18,0,3,1,0,1,3,2,1,3,3,3,0,1,0,0,0,2,7,0,15,2376,2247,4623
Chemung,2000-2002,0,1,0,0,4,0,2,0,2,1,2,0,5,0,0,0,0,2,0,0,1,1,0,1,1,1,0,0,15,0,1,1,0,2,2,1,0,3,0,3,1,0,0,0,0,0,4,0,15,1632,1611,3243
Chenango,2000-2002,1,0,0,1,6,1,1,0,0,2,3,2,2,1,0,0,0,1,0,0,0,0,0,0,0,0,0,1,9,0,1,0,0,2,2,1,0,1,0,1,0,0,0,0,0,0,2,1,3,865,844,1709
Clinton,2000-2002,1,0,0,0,8,0,0,0,1,0,0,2,1,0,0,0,0,0,0,0,1,0,0,0,0,0,0,0,12,0,3,0,0,0,0,0,0,0,1,1,0,0,0,0,0,0,0,0,13,1177,1108,2285
Columbia,2000-2002,0,0,1,0,2,1,1,0,1,3,1,0,0,0,0,0,0,3,0,0,1,0,0,0,0,2,0,1,6,0,2,2,0,0,0,0,0,3,0,3,0,0,0,0,0,0,2,0,4,933,922,1855
Cortland,2000-2002,0,0,0,0,2,2,0,0,0,3,2,0,4,0,0,0,0,2,0,0,0,0,0,0,0,0,0,0,4,0,1,0,0,2,0,0,0,2,0,0,0,0,0,0,0,0,4,0,5,838,838,1676
Delaware,2000-2002,0,0,0,0,4,1,0,0,0,0,1,3,0,2,0,0,0,0,0,0,0,1,0,0,0,1,0,0,5,0,0,1,0,1,0,0,0,1,0,0,0,0,0,0,0,0,1,0,2,678,611,1289
Dutchess,2000-2002,1,0,1,3,13,6,1,0,1,3,9,8,13,7,0,2,0,5,0,1,0,1,0,1,0,2,0,1,38,1,3,0,1,5,3,4,1,4,3,2,1,1,0,1,0,0,7,0,31,4966,4803,9769
Erie,2000-2002,1,4,3,9,91,17,4,2,10,16,14,20,44,27,6,9,2,15,1,7,8,17,0,5,8,5,4,9,123,2,13,5,8,36,13,15,5,13,16,19,1,7,4,4,2,3,54,0,147,16634,16082,32716
Essex,2000-2002,0,0,0,0,3,0,0,0,0,1,0,1,0,0,0,0,0,0,0,0,0,0,0,0,0,0,0,0,1,0,1,0,0,0,0,1,0,1,0,0,0,0,0,0,0,0,0,0,2,553,490,1043
Franklin,2000-2002,0,0,0,0,1,0,1,0,0,0,0,3,1,2,0,1,0,0,0,0,1,1,0,0,0,0,0,0,8,0,0,0,1,1,1,0,0,0,0,1,0,0,0,0,0,0,3,0,2,720,681,1401
Fulton,2000-2002,0,0,0,0,3,0,0,0,2,2,1,0,6,1,0,1,0,0,0,1,1,1,0,0,2,1,0,0,13,0,0,0,0,2,1,2,0,3,0,0,0,1,1,1,0,0,1,0,8,919,904,1823
Genesee,2000-2002,0,1,1,0,7,1,0,0,1,1,2,1,1,0,0,1,1,2,0,0,0,0,0,0,1,0,1,2,11,0,1,1,0,4,0,1,0,0,0,1,0,0,0,0,0,0,1,0,9,1077,954,2031
Greene,2000-2002,0,0,0,0,5,0,0,0,0,0,0,0,0,2,0,0,0,0,0,0,0,0,0,0,2,0,0,0,7,0,0,0,0,0,0,0,0,1,0,0,1,0,0,0,0,0,0,0,3,672,674,1346
Hamilton,2000-2002,0,0,0,0,0,0,0,0,0,0,0,0,0,0,0,0,0,0,0,0,0,0,0,0,0,0,0,0,0,0,0,1,0,1,0,0,0,0,0,0,0,0,0,0,0,0,0,0,1,67,69,136
Herkimer,2000-2002,0,0,0,1,0,1,0,0,0,0,3,1,4,1,0,1,0,1,0,0,0,0,0,2,1,1,0,2,2,0,0,1,1,2,1,0,0,0,1,2,0,0,0,0,0,0,4,0,6,1030,983,2013
Jefferson,2000-2002,0,0,0,0,3,1,0,0,2,1,5,7,6,3,0,1,1,2,0,0,1,2,0,0,2,1,0,4,27,1,4,2,0,1,3,3,0,2,0,0,0,0,0,0,2,0,1,0,33,2488,2444,4932
Kings,2000-2002,7,9,7,12,814,59,13,1,14,9,45,54,149,48,8,10,3,20,1,9,13,37,0,10,19,11,1,21,371,2,22,8,5,88,35,34,7,46,30,48,7,10,9,19,12,13,144,4,426,61189,58125,119314
Lewis,2000-2002,0,0,0,2,1,0,0,0,1,0,1,2,3,1,0,1,0,0,0,1,0,0,0,0,0,0,0,0,5,1,0,0,0,1,1,2,1,2,0,0,0,1,0,0,0,1,4,0,4,510,475,985
Livingston,2000-2002,1,0,1,0,3,0,1,0,1,1,0,2,2,1,0,0,0,0,0,0,2,1,0,0,0,0,0,1,8,1,0,0,0,1,2,2,1,1,0,0,0,0,0,0,0,0,4,0,6,1010,965,1975
Madison,2000-2002,0,0,0,1,2,1,0,0,1,1,3,5,2,2,0,1,0,3,0,0,2,0,0,0,0,0,0,0,7,0,1,0,0,1,0,0,0,1,1,1,0,0,0,0,0,2,2,0,9,1138,1122,2260
Monroe,2000-2002,3,0,0,4,32,10,2,0,3,9,12,16,34,11,1,3,3,4,0,3,6,9,0,2,6,6,0,6,105,0,0,7,3,25,13,8,1,9,6,17,1,3,2,2,3,3,31,4,70,13962,13370,27332
Montgomery,2000-2002,0,0,0,0,4,0,0,0,0,0,3,5,7,1,0,0,0,0,1,0,2,0,0,0,0,0,0,0,10,0,0,1,0,0,0,0,0,0,1,0,0,0,0,0,1,0,1,0,4,920,880,1800
Nassau,2000-2002,1,6,4,7,117,15,1,1,9,15,23,33,46,16,1,9,2,9,0,8,6,16,0,1,15,4,0,9,204,4,13,4,3,41,21,17,2,10,6,16,4,8,0,2,1,4,54,4,205,25542,24031,49574
New York,2000-2002,2,7,1,6,161,14,4,2,5,11,27,25,51,17,3,4,2,6,0,12,6,6,0,7,16,4,3,5,174,0,14,3,3,38,19,15,7,16,8,22,2,13,1,1,2,4,44,1,186,30712,29193,59905
Niagara,2000-2002,0,4,3,1,12,4,1,1,4,4,6,7,11,5,2,3,0,2,1,1,0,4,0,2,5,2,1,2,30,2,8,1,1,8,4,3,0,4,3,5,0,1,0,0,2,1,12,0,37,3791,3610,7402
Oneida,2000-2002,2,0,0,2,14,3,1,0,2,2,8,9,9,6,0,2,0,3,0,0,2,2,0,0,0,4,1,3,22,0,2,2,0,13,2,3,0,3,3,7,1,0,0,1,1,0,14,1,23,3864,3629,7493
Onondaga,2000-2002,0,1,4,8,24,7,2,2,4,8,16,14,22,6,2,1,5,7,2,0,2,4,0,0,4,5,2,6,78,6,8,5,4,20,5,12,1,7,6,14,2,1,1,2,6,2,31,0,68,8929,8486,17417
Ontario,2000-2002,0,0,0,0,3,3,0,0,1,1,4,2,2,0,0,1,0,0,0,0,0,1,0,0,0,1,0,0,14,0,2,0,0,0,1,2,0,1,1,4,0,0,0,0,0,2,6,0,6,1766,1669,3435
Orange,2000-2002,1,2,2,1,21,9,1,0,0,1,8,8,15,4,0,2,1,6,0,1,4,1,0,2,2,1,1,3,49,0,2,4,2,5,8,3,1,5,3,6,1,1,0,0,1,1,20,0,43,7618,7271,14889
Orleans,2000-2002,0,3,0,2,2,0,0,0,0,0,3,3,1,2,0,0,0,0,0,1,0,1,0,0,1,0,0,0,4,0,2,0,0,0,0,0,0,1,0,2,0,1,1,1,0,1,3,0,7,778,703,1481
Oswego,2000-2002,0,2,0,1,5,1,0,0,0,0,3,11,7,3,0,0,0,2,0,0,2,1,0,1,6,2,0,2,17,0,2,2,1,8,2,3,0,2,1,0,1,0,0,0,0,1,2,0,15,2182,2074,4256
Otsego,2000-2002,0,0,0,0,2,2,0,0,0,1,3,0,2,0,0,0,1,0,0,3,0,0,0,0,1,0,0,0,5,0,0,0,0,1,1,0,0,1,0,1,0,3,0,0,0,0,6,0,1,834,834,1668
Putnam,2000-2002,0,0,1,0,5,1,0,0,1,2,2,0,8,1,0,0,0,0,0,2,1,1,0,0,1,0,0,0,8,0,1,0,1,2,2,0,0,0,0,0,0,2,0,0,1,0,3,0,10,1866,1720,3586
Queens,2000-2002,6,9,10,10,267,21,10,2,11,12,36,47,100,39,5,16,0,11,0,15,6,26,0,6,20,12,2,16,249,1,27,10,4,69,48,30,4,30,15,41,12,15,6,8,6,13,79,8,260,48279,45301,93580
Rensselaer,2000-2002,0,1,1,0,9,4,0,0,0,2,6,3,7,2,0,1,1,3,0,0,1,2,0,1,1,1,1,2,25,0,9,1,0,1,2,1,0,1,3,3,0,0,0,0,1,0,5,0,18,2584,2505,5090
Richmond,2000-2002,2,0,1,1,69,8,2,1,1,7,3,16,20,3,1,1,0,6,0,0,0,2,0,0,5,3,0,3,74,0,6,2,2,16,9,3,0,4,2,6,1,0,0,0,1,1,20,1,50,8853,8511,17364
Rockland,2000-2002,0,1,2,2,24,6,2,0,2,3,7,9,13,7,1,3,2,2,0,2,1,6,0,0,5,2,0,1,49,2,5,2,0,12,4,5,1,7,6,9,0,2,1,1,0,1,18,0,38,6997,6698,13695
Saratoga,2000-2002,0,0,0,1,12,1,0,1,0,1,3,3,8,3,0,0,0,4,0,2,1,1,0,0,2,1,0,2,43,0,3,0,0,1,3,1,0,3,0,3,0,2,0,0,0,0,9,0,22,3786,3499,7285
Schenectady,2000-2002,0,0,0,1,6,1,0,0,1,3,1,4,8,1,0,1,0,2,0,0,1,0,0,0,1,1,0,1,23,1,2,0,0,3,1,4,0,1,2,3,0,0,0,0,0,0,9,1,11,2611,2539,5151
Schoharie,2000-2002,0,1,0,0,2,1,0,0,1,0,0,0,0,1,0,0,0,0,0,1,0,0,0,0,0,0,0,0,3,0,0,0,0,0,1,0,0,1,0,0,0,1,0,0,0,0,2,1,3,459,468,927
Schuyler,2000-2002,0,0,0,0,1,0,0,0,0,0,0,0,0,1,0,0,0,1,0,0,0,0,0,0,0,1,0,1,3,0,0,0,0,0,0,0,0,1,0,0,0,0,0,0,0,0,0,0,1,330,306,636
Seneca,2000-2002,0,1,0,0,0,1,0,0,0,1,0,0,0,1,0,0,0,0,0,0,0,0,0,0,0,1,1,0,0,0,0,0,1,1,0,0,0,0,0,0,1,0,0,0,0,1,0,0,1,563,543,1106
St. Lawrence,2000-2002,0,0,0,0,1,0,0,1,4,1,1,2,7,3,0,0,0,0,0,1,1,2,0,0,0,1,1,1,17,0,0,0,0,1,4,1,0,0,1,3,0,1,0,0,0,1,2,0,6,1854,1825,3679
Steuben,2000-2002,0,0,0,0,5,2,1,0,2,0,0,2,5,2,0,0,0,3,1,0,0,0,0,0,2,2,0,2,7,0,1,0,0,2,2,2,3,3,2,0,1,0,1,1,1,0,6,0,20,1748,1752,3500
Suffolk,2000-2002,1,6,1,11,146,12,6,1,3,8,30,37,63,20,3,9,3,9,0,7,10,15,0,4,16,3,4,14,291,2,8,10,4,45,21,20,0,15,14,23,5,7,0,3,1,3,88,1,203,30764,29301,60065
Sullivan,2000-2002,1,0,0,0,4,2,0,0,0,2,1,3,5,2,0,0,0,3,0,2,0,1,0,2,1,1,0,1,5,0,1,0,0,2,2,1,1,1,1,1,0,2,0,0,0,0,1,1,5,1269,1196,2465
Tioga,2000-2002,0,0,0,0,3,1,0,0,0,1,2,2,1,1,0,0,0,1,0,0,0,0,0,0,0,0,0,0,5,0,0,0,0,2,0,0,0,1,0,0,0,0,0,0,0,0,2,0,4,900,900,1800
Tompkins,2000-2002,0,0,0,2,5,0,1,0,1,2,1,1,3,3,0,0,0,1,0,0,0,2,0,0,1,1,0,1,12,0,0,0,0,2,1,2,0,2,0,0,1,0,0,1,0,0,4,0,11,1351,1174,2525
Ulster,2000-2002,0,0,1,1,6,4,1,0,1,1,1,6,5,2,0,1,0,1,0,1,1,1,0,0,1,1,1,0,25,1,4,0,1,5,4,4,0,2,2,2,0,1,1,1,0,0,4,1,15,2752,2650,5402
Warren,2000-2002,0,0,0,1,2,1,2,0,0,0,1,0,2,0,0,0,1,1,0,0,1,0,0,0,0,0,0,0,4,0,2,2,0,3,2,2,0,1,2,0,0,0,0,0,1,0,2,0,5,1007,950,1957
Washington,2000-2002,0,0,0,1,0,1,0,0,0,0,1,1,0,1,0,0,0,1,0,0,0,0,0,0,0,1,1,0,5,0,1,1,0,1,0,0,0,0,0,0,0,0,0,0,0,0,2,0,4,958,873,1831
Wayne,2000-2002,0,0,1,1,4,4,0,1,0,5,3,2,5,2,0,0,0,1,0,1,0,0,0,0,0,2,1,2,13,0,2,1,0,1,0,1,1,0,1,1,0,1,0,0,0,1,4,0,9,1650,1716,3366
Westchester,2000-2002,0,2,0,4,64,16,7,0,10,7,17,19,34,18,1,5,5,10,0,2,2,8,0,4,9,4,6,9,121,2,9,3,2,15,21,10,3,11,4,9,2,3,2,3,1,3,27,3,91,19907,18998,38905
Wyoming,2000-2002,1,0,1,0,2,1,0,0,0,0,1,0,2,1,0,0,0,0,0,0,0,1,0,1,1,1,0,0,4,0,2,0,0,1,1,1,2,0,1,1,0,0,0,0,0,0,0,0,3,659,649,1308
Yates,2000-2002,0,0,0,0,0,0,0,0,0,0,0,0,0,0,0,0,0,1,0,0,1,0,0,0,0,0,0,1,7,0,1,0,0,0,0,0,0,0,0,0,0,0,0,0,0,0,0,1,2,434,425,859
Albany,2003-2005,0,0,1,1,37,6,2,0,2,5,3,8,10,6,0,1,4,5,0,2,2,4,0,0,1,4,0,5,33,1,4,1,0,6,8,3,4,3,2,6,0,2,2,2,1,1,10,1,47,4873,4636,9509
Allegany,2003-2005,0,0,0,1,3,0,0,0,0,1,0,2,0,1,0,0,0,2,0,0,0,1,0,0,1,1,0,0,5,1,1,1,0,1,1,0,0,1,0,0,0,0,0,0,0,0,1,0,4,887,713,1600
Bronx,2003-2005,1,6,4,6,274,21,5,1,6,13,34,33,91,21,4,8,2,20,1,6,14,21,0,3,15,11,3,11,211,7,26,10,3,68,30,13,11,33,15,28,5,6,6,14,5,7,69,4,216,34043,32794,66837
Broome,2003-2005,0,2,1,2,26,3,1,0,0,1,5,5,9,4,0,1,1,5,1,0,1,2,0,1,0,0,0,3,16,0,1,1,1,12,4,4,1,4,1,3,1,1,1,1,0,1,7,1,25,3168,2981,6150
Cattaraugus,2003-2005,0,1,0,1,8,0,0,0,1,3,4,3,2,1,1,0,1,1,0,0,1,0,0,0,0,2,0,0,12,0,1,2,0,1,1,0,0,0,1,1,0,0,0,0,0,1,3,0,11,1499,1429,2928
Cayuga,2003-2005,0,0,0,0,4,0,0,0,0,1,2,2,2,1,0,0,0,3,0,0,1,0,0,0,0,0,0,1,13,0,0,1,0,6,1,1,0,0,0,0,0,0,0,0,0,0,5,0,9,1295,1195,2490
Chautauqua,2003-2005,0,1,1,0,44,0,1,0,2,1,3,6,6,3,0,0,1,1,1,1,2,0,0,0,2,2,0,1,14,0,1,0,1,2,3,1,1,1,1,4,0,1,0,1,0,0,3,0,28,2243,2116,4359
Chemung,2003-2005,1,0,0,0,4,1,2,0,2,1,6,3,5,2,0,0,0,0,0,0,2,1,0,1,1,1,0,2,15,0,0,0,0,4,0,1,0,0,1,3,0,0,1,1,0,0,2,0,11,1586,1492,3078
Chenango,2003-2005,0,0,0,1,4,1,0,0,0,1,1,1,5,0,0,0,0,0,0,1,0,1,0,0,0,1,1,0,8,0,1,0,0,2,1,2,0,1,2,0,0,1,0,0,0,1,0,0,4,867,733,1600
Clinton,2003-2005,0,0,0,0,9,0,0,0,0,1,1,1,3,0,0,0,0,0,0,0,0,1,0,0,0,0,0,0,8,0,1,0,0,1,1,0,1,0,0,3,1,0,1,1,0,0,0,0,11,1165,1180,2345
Columbia,2003-2005,0,0,0,0,1,0,0,0,0,0,2,0,1,1,0,0,0,0,0,1,0,1,0,0,1,0,0,0,8,0,0,0,0,0,1,0,0,0,1,0,0,1,0,0,0,0,1,0,2,960,876,1836
Cortland,2003-2005,0,0,0,0,2,0,0,0,0,0,2,1,1,2,0,0,0,0,1,1,1,1,0,0,0,1,0,1,4,0,0,1,0,2,0,1,0,0,1,1,0,1,0,0,0,0,2,0,2,818,789,1607
Delaware,2003-2005,0,2,1,0,5,0,0,0,0,1,0,1,2,0,0,0,0,0,0,1,0,0,0,0,0,1,0,1,4,0,1,0,0,0,1,1,1,1,0,0,1,1,0,0,0,0,2,0,2,657,670,1327
Dutchess,2003-2005,1,0,2,2,19,4,0,0,1,4,6,7,9,5,0,0,1,4,0,0,1,0,0,0,2,3,0,3,28,0,3,2,0,2,4,4,1,4,2,5,1,1,0,0,1,1,16,0,32,4912,4697,9609
Erie,2003-2005,1,2,5,5,79,25,1,2,17,9,16,24,40,22,2,2,7,9,1,5,10,15,0,3,11,8,3,7,112,6,18,5,3,36,17,19,4,16,7,24,5,7,1,4,6,5,53,3,144,15532,15016,30548
Essex,2003-2005,0,0,0,0,1,0,0,0,0,0,0,0,0,0,0,1,0,0,1,0,0,0,0,0,0,0,0,0,3,0,0,0,0,0,1,1,0,1,0,0,0,0,0,0,0,0,0,0,3,562,547,1110
Franklin,2003-2005,0,0,0,0,1,0,0,0,0,1,1,1,1,0,0,1,0,1,0,0,0,0,0,0,0,0,0,1,6,0,0,0,0,1,1,0,0,0,0,1,0,0,0,0,0,0,0,0,1,759,685,1444
Fulton,2003-2005,0,1,0,0,6,0,0,0,0,0,0,4,8,3,0,1,0,2,0,1,0,1,0,0,0,2,0,2,6,0,0,1,0,2,0,0,2,0,0,0,0,1,0,0,1,0,0,0,4,857,814,1671
Genesee,2003-2005,0,0,0,0,4,0,0,0,1,3,1,1,1,0,0,0,0,0,1,1,1,1,0,0,0,1,0,0,10,0,1,0,0,0,1,1,0,2,0,1,1,1,0,0,0,0,2,0,7,998,938,1936
Greene,2003-2005,0,0,0,0,2,0,0,0,0,1,2,0,1,2,0,0,0,1,0,0,0,2,0,0,1,1,0,0,5,0,0,0,0,0,0,2,0,2,3,2,0,0,1,1,0,0,4,0,6,710,628,1338
Hamilton,2003-2005,0,0,0,0,0,0,0,0,0,0,0,0,1,0,0,0,0,0,0,0,0,0,0,0,0,0,0,0,0,0,0,0,0,0,0,0,0,0,0,0,0,0,0,0,0,0,0,0,0,61,58,119
Herkimer,2003-2005,0,0,0,0,4,2,0,0,0,0,3,1,5,1,0,1,0,1,0,0,1,3,0,1,0,2,0,2,18,0,0,1,0,0,2,0,0,1,1,3,0,0,1,1,1,0,2,0,5,1044,1028,2072
Jefferson,2003-2005,1,0,1,0,10,3,0,0,2,2,6,7,20,4,1,0,2,8,2,1,0,0,0,1,2,1,0,0,33,0,1,0,0,1,1,4,0,3,0,0,1,1,1,1,0,1,8,0,31,2577,2445,5023
Kings,2003-2005,6,12,8,12,1066,47,12,1,23,16,45,34,156,56,11,16,6,25,3,13,21,34,0,8,41,16,2,34,355,6,25,11,12,143,53,40,9,47,25,67,13,13,13,25,14,16,153,10,528,60544,57710,118254
Lewis,2003-2005,0,0,0,0,3,1,0,0,0,0,0,2,2,1,0,0,0,2,0,1,0,0,0,0,0,1,0,0,3,0,0,0,0,2,1,0,1,0,0,2,0,1,0,0,0,0,3,0,2,509,464,973
Livingston,2003-2005,0,0,0,0,1,1,0,0,0,2,2,2,3,2,0,0,0,3,0,0,0,0,0,0,0,0,0,1,7,0,2,0,0,1,0,2,0,1,0,1,0,0,1,1,1,0,5,0,0,968,922,1890
Madison,2003-2005,1,0,0,1,3,0,0,0,0,0,2,0,2,1,1,0,1,1,0,1,0,0,0,2,0,3,0,1,9,0,0,0,0,1,0,0,0,0,0,2,0,1,0,1,0,0,2,0,10,1128,1040,2168
Monroe,2003-2005,0,2,3,4,43,11,3,2,3,5,15,10,27,6,1,4,0,11,0,1,7,6,0,3,2,6,2,8,100,1,12,7,1,15,9,13,5,9,5,11,1,1,2,2,1,4,39,1,65,13309,12629,25941
Montgomery,2003-2005,0,2,1,0,3,0,1,0,0,1,2,3,3,3,0,0,0,0,0,2,0,1,0,0,1,2,1,2,10,0,1,0,0,2,1,0,1,1,0,1,0,2,0,0,0,0,3,0,3,964,821,1785
Nassau,2003-2005,2,4,3,9,107,26,4,2,5,6,25,19,38,12,2,3,4,13,0,3,8,11,0,3,11,6,2,3,192,2,17,5,8,34,20,19,7,15,7,22,5,4,2,7,2,6,57,4,199,24031,22674,46705
New York,2003-2005,1,2,2,9,298,14,3,1,11,7,18,33,68,25,4,3,5,12,0,3,9,20,0,1,17,9,2,14,180,4,15,5,7,47,24,13,3,19,8,35,2,3,3,11,6,2,54,3,261,31710,29928,61638
Niagara,2003-2005,0,0,1,1,23,5,0,0,0,2,2,2,13,3,2,1,0,5,0,3,3,6,0,1,2,6,1,4,20,0,1,0,4,14,5,8,1,7,2,7,2,3,0,0,0,0,6,0,23,3547,3407,6954
Oneida,2003-2005,2,2,1,1,9,1,3,0,2,3,7,4,7,3,0,2,1,4,0,0,3,3,0,0,2,3,1,6,30,3,5,2,2,11,4,8,1,1,1,4,1,0,2,2,2,3,7,2,20,3879,3788,7667
Onondaga,2003-2005,0,1,1,4,35,6,0,0,4,4,6,13,23,12,1,5,2,7,1,3,5,2,0,0,2,4,0,4,70,3,4,2,1,11,3,9,0,6,4,6,3,3,0,0,3,4,27,2,77,8518,8045,16563
Ontario,2003-2005,0,0,0,1,2,3,0,0,0,1,3,4,2,2,0,0,1,1,0,0,0,0,0,0,1,1,0,0,19,0,0,0,1,2,2,1,1,5,1,2,1,0,0,0,0,0,5,0,10,1675,1658,3333
Orange,2003-2005,2,1,2,1,48,11,3,0,2,2,13,12,23,5,1,1,1,10,0,3,2,6,0,1,4,3,0,3,56,1,3,0,1,12,9,1,1,9,2,6,2,3,1,1,1,1,23,1,60,8006,7481,15488
Orleans,2003-2005,1,0,0,0,4,0,0,0,0,0,2,0,2,0,0,0,1,4,0,0,0,0,0,0,0,0,0,0,3,0,0,1,0,0,1,0,0,0,0,0,0,0,0,0,0,0,0,0,4,664,671,1335
Oswego,2003-2005,0,0,1,2,4,1,0,0,1,3,4,9,5,5,0,2,0,1,1,1,1,0,0,0,0,2,1,2,14,0,2,0,0,3,6,4,0,4,0,3,0,1,0,0,1,1,3,0,24,2102,1998,4100
Otsego,2003-2005,0,0,0,2,3,0,0,0,1,0,1,1,4,0,0,0,0,1,0,0,1,0,0,0,2,0,0,0,11,0,0,0,0,2,0,2,0,0,1,1,0,0,0,0,0,0,1,0,3,785,827,1612
Putnam,2003-2005,1,0,0,1,18,0,0,0,1,0,1,1,3,4,0,0,1,3,0,1,2,3,0,0,3,0,0,0,16,0,0,0,0,2,1,3,0,2,0,0,2,1,0,0,0,1,3,0,16,1683,1674,3357
Queens,2003-2005,4,6,11,14,434,33,10,1,9,18,34,37,87,43,7,12,7,34,1,6,14,22,0,3,23,11,3,19,225,8,14,12,8,88,39,29,9,46,11,40,10,6,6,16,9,5,99,8,330,46821,44317,91138
Rensselaer,2003-2005,0,1,0,1,10,2,1,0,0,1,4,3,6,2,1,1,1,2,0,1,2,3,0,1,0,0,0,0,31,0,2,0,0,7,4,2,1,0,1,2,0,1,0,0,1,1,4,0,18,2633,2604,5237
Richmond,2003-2005,0,1,0,1,56,8,6,0,1,3,6,14,16,4,3,6,2,9,2,1,3,6,0,0,3,6,2,3,59,0,4,0,3,13,10,6,2,6,2,10,1,1,1,2,1,1,22,0,50,8857,8473,17330
Rockland,2003-2005,1,1,0,5,57,6,2,0,2,5,5,8,17,8,1,2,3,6,0,0,2,7,0,1,3,0,0,3,60,0,3,0,0,21,4,11,1,6,4,6,0,0,1,1,3,2,23,2,56,6960,6664,13624
Saratoga,2003-2005,1,2,1,0,12,5,0,0,0,0,3,6,10,4,1,1,0,4,0,0,2,1,0,0,1,0,1,3,26,0,4,0,0,1,3,4,0,1,3,3,0,0,0,0,0,0,8,1,13,3672,3510,7182
Schenectady,2003-2005,0,0,1,2,10,1,0,0,0,4,5,0,11,2,0,0,0,1,1,0,0,1,0,0,2,1,0,2,33,0,3,1,0,8,1,2,0,4,1,1,0,0,0,0,0,1,10,1,19,2862,2642,5504
Schoharie,2003-2005,0,0,0,0,3,1,0,0,1,1,0,0,3,1,0,0,0,0,0,0,0,0,0,0,1,0,0,0,6,0,0,1,0,1,0,1,1,1,0,0,0,0,0,0,0,0,1,0,6,439,422,861
Schuyler,2003-2005,0,0,0,0,0,0,0,0,0,0,0,0,1,0,0,0,0,0,0,0,0,0,0,0,0,0,0,0,3,0,0,0,0,0,0,0,0,1,0,0,0,0,0,0,0,0,0,0,2,281,238,519
Seneca,2003-2005,0,1,0,0,0,0,0,0,0,0,0,0,3,0,0,0,0,0,1,0,2,1,0,0,1,0,0,0,5,0,1,0,0,1,0,0,0,0,0,1,0,0,1,1,0,0,3,0,3,580,506,1086
St. Lawrence,2003-2005,0,2,0,1,4,0,0,0,1,0,6,2,6,3,0,2,0,0,1,1,0,3,0,1,1,2,0,0,23,1,1,0,0,2,1,0,0,1,2,3,0,1,1,1,0,0,4,0,12,1873,1796,3669
Steuben,2003-2005,0,0,1,1,5,2,1,0,1,2,3,5,7,3,0,0,0,1,0,1,0,1,0,0,0,0,1,1,16,0,3,1,0,3,1,1,1,1,1,2,0,1,0,0,0,1,6,0,8,1679,1667,3346
Suffolk,2003-2005,5,13,6,13,245,28,7,3,4,8,25,37,60,24,0,11,3,15,1,12,10,16,0,1,9,12,2,14,281,3,14,11,5,53,31,26,1,21,14,21,3,12,2,4,4,2,84,7,216,30090,28296,58387
Sullivan,2003-2005,0,0,0,1,11,1,0,0,0,0,4,0,1,1,0,0,0,2,0,0,0,1,0,0,1,0,0,2,10,0,0,1,0,3,1,1,0,0,0,1,1,0,0,0,0,1,7,1,12,1347,1270,2617
Tioga,2003-2005,1,0,0,0,2,0,1,0,0,3,0,0,0,2,1,0,0,0,0,1,0,0,0,0,0,0,0,1,8,0,1,0,0,2,0,0,0,0,1,1,0,1,0,0,1,0,2,0,5,836,840,1678
Tompkins,2003-2005,0,0,0,0,3,1,0,0,0,1,0,4,3,3,0,0,0,2,0,0,1,1,0,0,1,0,0,1,8,0,1,0,0,1,1,0,0,2,1,2,0,0,0,0,0,0,3,0,17,1394,1366,2760
Ulster,2003-2005,1,1,0,0,12,0,1,0,1,4,2,3,5,1,0,1,1,1,0,1,1,3,0,0,1,1,0,0,25,0,3,0,1,4,2,0,0,3,3,2,0,1,1,1,1,0,6,0,17,2745,2698,5443
Warren,2003-2005,0,0,0,0,5,2,0,0,1,1,1,2,1,2,0,1,0,0,0,0,1,0,0,0,1,2,0,0,9,0,1,0,0,0,1,1,0,1,1,0,0,0,0,0,1,0,5,1,2,1056,880,1936
Washington,2003-2005,1,0,1,0,2,2,0,0,1,1,1,3,3,2,0,0,0,4,0,0,1,0,0,0,1,1,0,0,4,0,0,0,0,0,2,1,0,0,1,1,0,0,0,0,0,0,2,1,4,969,934,1903
Wayne,2003-2005,0,0,2,2,7,1,0,0,1,1,1,2,4,1,0,0,0,1,0,1,3,0,0,0,0,2,0,0,17,0,1,0,0,2,3,2,0,0,0,3,0,1,0,0,0,2,3,1,13,1732,1588,3320
Westchester,2003-2005,0,1,2,2,127,17,2,1,5,9,21,12,41,20,1,3,7,15,0,5,10,9,0,3,6,5,2,11,119,1,10,7,3,15,22,8,2,10,6,10,6,6,0,2,3,5,42,1,124,18836,18377,37213
Wyoming,2003-2005,0,0,0,0,2,1,0,0,1,0,2,3,3,1,0,0,0,1,0,0,0,0,0,0,0,2,0,0,9,0,0,1,0,0,0,1,0,1,2,0,0,0,0,0,0,0,3,0,7,635,638,1273
Yates,2003-2005,0,0,0,0,3,0,0,0,0,0,0,0,2,0,0,0,0,0,0,1,0,0,0,0,0,1,0,1,2,0,1,0,0,0,0,2,0,1,0,0,0,1,0,0,1,0,1,0,1,430,411,841
Albany,2006-2008,1,1,0,3,35,6,0,0,0,7,6,8,11,7,1,2,1,4,0,0,4,2,0,0,2,4,0,0,46,0,7,5,0,6,1,2,0,1,2,2,2,0,0,0,2,2,7,0,35,4746,4543,9292
Allegany,2006-2008,0,0,0,1,3,3,0,0,1,0,3,2,3,1,1,0,0,2,0,1,1,2,0,0,0,1,0,3,7,0,0,1,0,3,1,0,1,0,0,0,3,1,1,1,0,0,1,0,6,759,753,1512
Bronx,2006-2008,4,5,6,7,306,38,14,0,9,12,35,32,112,37,1,16,10,21,3,4,11,28,0,6,16,22,3,8,256,3,27,14,9,69,30,18,7,20,14,37,6,4,6,11,5,16,96,7,270,34912,33440,68352
Broome,2006-2008,0,3,0,1,12,1,3,0,2,4,6,4,13,2,0,1,0,4,1,1,3,2,0,0,4,6,0,4,19,4,5,0,0,3,4,2,2,2,1,5,1,2,1,1,1,0,6,0,22,3208,3079,6287
Cattaraugus,2006-2008,1,0,3,1,9,4,0,0,0,2,2,2,7,4,1,0,1,0,0,1,0,2,0,1,0,3,0,3,13,0,1,0,0,2,1,3,0,2,2,2,0,1,0,1,0,0,4,0,18,1493,1452,2945
Cayuga,2006-2008,0,0,1,4,2,0,0,0,0,2,2,1,4,2,0,1,0,2,0,0,2,2,0,0,1,1,0,2,15,0,2,0,0,3,0,1,0,1,0,1,0,0,0,0,1,0,3,0,9,1314,1174,2488
Chautauqua,2006-2008,1,0,2,1,58,1,2,0,1,1,3,2,9,1,0,1,1,3,0,0,1,1,0,0,1,1,3,4,16,1,4,1,2,4,4,2,0,0,1,1,1,0,0,1,0,1,5,0,20,2157,1981,4138
Chemung,2006-2008,0,0,1,1,6,2,0,1,0,1,5,5,5,1,1,2,0,1,0,3,1,1,0,0,1,1,1,1,15,1,0,0,0,2,2,3,0,0,1,2,0,3,0,0,0,1,2,0,11,1483,1432,2916
Chenango,2006-2008,0,0,0,1,4,0,0,0,0,0,4,3,3,2,0,0,0,1,0,0,1,0,0,0,1,1,0,0,6,0,0,2,0,2,0,1,0,0,0,0,0,0,0,0,1,0,2,1,6,845,776,1621
Clinton,2006-2008,0,0,0,0,4,0,0,0,0,0,3,2,0,2,0,0,0,0,0,0,0,1,0,0,1,1,0,0,13,0,0,0,0,0,1,0,0,1,0,1,0,0,0,0,0,0,0,0,6,1154,1109,2263
Columbia,2006-2008,0,0,0,0,6,0,0,0,0,0,0,0,4,2,0,1,0,0,1,1,1,1,0,0,0,1,1,2,11,0,0,0,0,1,0,1,0,1,1,0,0,1,0,0,0,0,1,0,3,875,797,1672
Cortland,2006-2008,0,1,0,0,2,1,0,0,0,0,3,0,2,1,0,0,0,0,0,0,3,0,0,0,1,0,0,0,7,1,0,0,0,0,1,3,0,0,0,0,0,0,0,0,1,0,2,1,5,795,826,1621
Delaware,2006-2008,0,3,0,0,5,0,0,0,0,1,3,0,2,1,0,1,0,2,1,0,0,1,0,0,0,1,0,1,7,1,0,1,1,5,1,0,0,0,1,1,0,0,0,0,0,0,0,0,7,675,683,1358
Dutchess,2006-2008,0,0,1,0,24,6,1,0,1,3,7,11,14,6,2,3,0,4,1,1,4,3,0,1,6,0,1,5,42,0,3,0,1,4,4,5,3,6,8,3,1,2,0,0,0,1,13,0,33,4401,4166,8567
Erie,2006-2008,2,2,7,5,110,15,1,2,15,4,11,26,56,15,2,6,6,19,6,5,6,9,0,3,5,17,5,12,143,2,12,8,4,41,12,13,4,16,11,14,2,5,3,3,5,6,58,2,178,15149,14516,29665
Essex,2006-2008,0,0,0,1,1,1,0,0,0,0,0,2,2,1,0,0,0,0,0,0,0,1,0,0,0,1,0,0,3,0,0,0,0,0,1,1,0,1,0,0,0,0,0,0,0,1,0,0,4,445,410,855
Franklin,2006-2008,0,0,0,1,2,0,0,0,1,0,3,1,1,0,0,0,0,0,0,0,0,0,0,0,0,1,0,0,12,0,1,0,0,0,0,1,0,0,1,0,0,0,0,0,0,0,0,0,1,809,752,1561
Fulton,2006-2008,0,3,0,0,2,1,0,0,2,0,3,0,3,3,1,2,0,1,0,0,1,1,0,0,2,0,0,1,10,1,0,1,0,2,1,1,1,0,0,2,1,0,0,0,1,1,3,0,17,882,880,1762
Genesee,2006-2008,0,1,0,0,3,3,0,0,1,0,3,0,2,0,0,0,0,1,0,0,0,0,0,1,2,0,1,1,7,0,0,0,0,0,1,0,0,3,0,0,1,0,0,0,0,2,9,1,12,991,990,1981
Greene,2006-2008,0,0,0,0,2,1,0,0,0,0,0,0,2,0,0,0,0,1,0,0,0,0,0,0,0,1,0,0,4,0,0,1,0,1,0,0,0,1,0,1,0,0,0,0,0,0,3,0,2,705,652,1357
Hamilton,2006-2008,0,0,0,0,0,0,0,0,0,0,0,0,0,0,0,0,0,0,0,0,0,0,0,0,0,0,0,0,0,0,0,0,0,0,0,0,0,0,0,0,0,0,0,0,0,0,0,0,0,49,46,95
Herkimer,2006-2008,1,1,0,1,4,2,0,0,2,1,1,4,6,2,0,0,1,0,0,0,0,0,0,0,2,1,0,1,11,0,1,0,0,0,0,0,0,2,1,1,0,0,0,0,0,0,5,0,15,1001,997,1998
Jefferson,2006-2008,1,2,0,0,10,1,1,0,1,2,8,1,21,2,0,1,0,2,1,0,2,1,0,0,2,2,1,2,31,0,2,1,1,3,2,2,0,2,2,3,1,0,0,0,0,0,4,0,18,2892,2695,5587
Kings,2006-2008,4,15,8,23,811,65,17,3,24,25,38,68,158,70,8,31,11,36,10,7,32,48,0,13,31,14,6,38,390,13,22,18,14,119,34,60,13,70,30,61,14,7,8,25,12,16,171,9,612,63300,60319,123619
Lewis,2006-2008,0,0,0,0,2,0,0,0,0,1,1,3,1,0,0,1,0,0,0,0,0,0,0,0,0,0,0,0,7,0,0,0,0,0,0,0,0,1,0,0,0,0,0,0,0,0,2,0,4,504,444,948
Livingston,2006-2008,0,1,1,0,0,0,0,0,2,1,1,5,3,0,0,0,0,1,0,0,0,0,0,0,1,0,0,1,10,0,0,0,0,0,1,1,0,2,0,1,0,0,0,0,0,0,2,0,7,960,900,1860
Madison,2006-2008,0,0,1,0,2,0,1,0,2,0,4,3,3,3,0,1,0,1,0,0,2,1,0,0,1,0,0,0,13,0,2,0,0,0,1,1,0,4,0,1,0,0,0,0,0,0,6,0,9,1161,1084,2245
Monroe,2006-2008,1,4,2,1,32,4,1,0,6,6,10,11,40,12,1,14,4,13,1,8,7,6,0,2,3,16,3,10,129,1,9,4,1,34,15,10,5,13,12,16,3,8,1,2,1,3,38,1,69,13416,12858,26274
Montgomery,2006-2008,1,1,0,0,2,5,0,0,0,0,0,3,6,0,0,0,0,0,0,0,1,1,0,1,0,0,0,2,13,1,3,0,1,4,0,0,0,1,0,1,0,0,0,0,0,0,1,0,4,996,922,1918
Nassau,2006-2008,2,12,3,8,146,20,3,0,9,10,15,18,44,18,4,7,6,33,3,4,8,9,0,3,19,7,2,10,218,4,11,3,5,48,20,22,0,22,6,24,1,4,1,6,2,6,50,3,254,23299,22074,45374
New York,2006-2008,1,3,7,8,334,19,6,0,4,7,20,32,70,48,3,6,6,16,3,4,4,17,0,4,15,10,2,8,193,2,16,3,3,54,21,27,5,27,8,24,5,4,5,10,3,6,49,6,335,31289,29911,61200
Niagara,2006-2008,0,2,1,1,13,2,2,1,2,6,4,5,9,5,1,1,1,4,0,0,4,3,0,2,2,3,0,3,31,0,5,1,1,10,3,5,1,3,1,10,1,0,0,1,0,1,10,0,40,3398,3306,6704
Oneida,2006-2008,0,2,3,3,11,4,0,0,4,3,7,11,14,5,1,0,1,5,0,2,0,3,0,1,1,4,0,1,41,0,6,2,0,10,1,6,0,2,3,3,0,4,0,0,1,0,7,1,28,3974,3822,7798
Onondaga,2006-2008,0,0,2,5,20,7,1,2,4,5,12,9,27,12,2,5,1,7,0,3,4,6,0,1,4,5,2,2,92,3,6,5,1,18,9,8,2,3,6,13,4,3,3,3,1,3,22,3,95,8538,7996,16536
Ontario,2006-2008,1,0,1,1,3,0,1,0,0,2,2,0,8,1,0,1,0,1,0,1,0,1,0,0,2,1,1,2,14,0,2,0,0,6,3,1,0,1,1,2,0,1,0,0,0,2,3,0,11,1716,1634,3350
Orange,2006-2008,1,5,2,2,75,15,1,0,3,3,12,8,29,12,1,1,1,10,2,1,5,5,0,2,4,1,0,9,74,2,6,1,2,6,4,7,4,7,6,5,4,1,2,4,3,4,22,0,75,8035,7563,15598
Orleans,2006-2008,0,0,0,0,1,0,0,0,0,0,0,1,1,0,0,1,1,3,0,0,0,0,0,0,1,2,0,1,4,0,0,1,0,1,1,1,0,2,0,0,1,0,0,0,0,0,2,0,3,658,651,1309
Oswego,2006-2008,0,0,0,0,6,2,1,1,1,1,5,6,14,3,0,1,1,2,2,2,0,2,0,0,1,4,1,2,21,0,4,0,0,1,2,5,0,4,0,3,1,2,0,1,0,0,5,0,22,2102,2033,4135
Otsego,2006-2008,0,0,0,1,4,1,0,0,1,1,1,1,7,2,0,0,0,0,0,0,0,0,0,0,1,4,0,0,9,0,0,0,0,0,1,2,0,2,0,1,0,0,0,0,0,0,5,0,4,844,807,1651
Putnam,2006-2008,0,0,0,0,16,4,1,0,0,1,2,1,0,5,1,0,0,2,0,0,2,0,0,1,1,0,0,1,16,0,0,1,0,2,1,3,0,2,1,1,1,0,0,0,1,0,3,0,15,1475,1423,2898
Queens,2006-2008,4,19,20,10,436,39,8,1,10,21,55,52,120,38,3,18,5,42,3,2,19,23,0,5,18,18,3,15,242,2,19,11,5,70,50,26,6,48,11,44,17,3,5,11,8,12,94,5,372,47574,45202,92777
Rensselaer,2006-2008,0,1,0,1,10,1,0,0,1,2,2,3,7,0,0,0,0,2,1,0,1,0,0,0,1,2,0,1,22,1,1,1,2,9,0,0,2,3,3,3,0,0,0,0,0,0,7,0,16,2592,2461,5054
Richmond,2006-2008,1,1,2,2,53,3,1,0,3,4,11,8,8,3,0,3,0,11,1,1,6,2,0,0,1,2,0,4,70,1,7,0,1,11,12,4,0,10,3,10,1,1,0,1,1,3,19,0,44,9014,8418,17432
Rockland,2006-2008,2,3,0,5,86,12,1,1,4,2,6,7,13,10,1,7,1,6,1,1,3,2,0,1,5,2,1,4,70,1,6,3,2,11,6,6,2,1,3,7,0,2,1,1,2,2,26,1,74,6739,6344,13083
Saratoga,2006-2008,0,0,0,1,11,0,0,0,3,2,4,7,8,5,0,0,0,4,2,1,4,0,0,0,2,1,0,0,31,1,5,1,0,2,5,8,0,2,0,1,1,1,1,1,0,1,8,1,21,3573,3433,7006
Schenectady,2006-2008,0,3,1,0,7,3,0,0,0,1,3,3,12,2,1,0,1,3,2,0,3,1,0,0,4,4,1,2,42,1,2,2,1,5,3,3,0,5,2,3,1,0,0,0,0,2,15,0,13,2882,2664,5546
Schoharie,2006-2008,0,0,0,1,0,0,0,0,1,2,1,0,2,0,0,0,0,2,0,0,0,0,0,0,0,0,0,1,10,0,0,1,0,0,0,0,0,0,0,0,0,0,0,0,0,0,0,0,4,475,436,911
Schuyler,2006-2008,0,1,0,0,0,0,0,0,0,0,2,0,2,0,0,0,0,0,0,0,1,0,0,0,0,0,0,0,1,0,0,0,0,1,0,1,0,0,0,1,0,0,0,0,0,0,0,0,0,271,243,514
Seneca,2006-2008,0,0,0,0,0,0,0,0,0,0,2,0,1,1,1,1,0,0,0,0,0,0,0,0,0,1,0,0,2,0,1,0,0,1,1,2,0,0,1,0,0,1,0,1,0,0,1,0,3,595,499,1094
St. Lawrence,2006-2008,0,0,1,1,3,1,0,0,0,0,2,3,12,3,1,0,0,1,0,1,3,3,0,0,3,3,0,1,21,0,0,0,1,4,3,1,0,0,0,1,0,1,0,0,0,0,5,0,13,1893,1812,3705
Steuben,2006-2008,0,0,0,0,7,3,0,0,0,0,3,2,4,1,0,1,1,1,0,0,0,0,0,1,1,3,0,1,18,0,1,0,0,5,1,1,0,1,0,0,1,0,0,0,0,1,10,1,10,1667,1610,3278
Suffolk,2006-2008,2,9,3,19,477,29,8,0,14,10,17,38,71,47,6,15,2,17,8,3,16,14,0,6,11,8,1,15,262,7,19,9,7,67,17,32,4,22,15,28,7,3,0,5,4,6,60,11,262,28367,27121,55489
Sullivan,2006-2008,0,0,0,1,6,0,1,0,0,0,1,2,5,1,1,0,0,2,0,0,0,0,0,0,1,1,0,1,12,0,2,0,0,1,4,1,0,1,0,0,0,0,0,0,1,0,4,0,12,1447,1353,2800
Tioga,2006-2008,0,0,0,0,2,0,0,0,0,0,0,1,1,3,0,0,0,1,0,0,2,0,0,0,0,1,0,1,3,0,3,0,0,0,0,0,0,0,1,0,0,0,0,0,0,0,0,0,2,579,540,1119
Tompkins,2006-2008,0,0,0,1,3,3,0,0,2,1,1,0,3,0,1,0,1,1,0,0,1,0,0,0,1,0,2,0,6,0,0,0,0,0,1,0,0,0,0,2,0,0,0,0,0,0,5,0,10,1381,1284,2665
Ulster,2006-2008,0,1,0,1,16,5,0,0,2,2,4,10,7,6,0,0,0,4,0,0,1,4,0,0,1,2,0,4,27,1,0,1,2,5,6,6,0,4,3,2,1,0,0,1,1,1,11,0,19,2774,2721,5496
Warren,2006-2008,0,0,0,2,4,1,1,0,0,1,2,1,2,1,1,0,0,1,0,0,0,2,0,0,0,1,1,0,10,0,1,0,0,4,0,0,1,1,0,1,0,1,1,1,0,0,5,0,7,961,902,1863
Washington,2006-2008,0,0,1,0,4,1,0,0,0,1,2,3,0,1,0,0,0,2,0,0,0,0,0,0,1,2,0,0,14,0,2,0,0,1,2,0,0,0,1,0,0,0,0,0,0,0,4,0,4,896,798,1694
Wayne,2006-2008,1,0,0,1,5,2,0,0,0,0,3,1,8,1,0,0,2,0,0,0,0,4,0,0,2,0,0,1,15,0,3,1,0,4,3,3,0,0,0,2,0,0,0,0,0,0,5,0,7,1685,1645,3330
Westchester,2006-2008,1,2,1,5,128,17,1,0,6,6,19,6,26,17,0,4,16,15,0,4,5,13,0,5,13,5,3,10,120,2,8,1,7,22,12,13,3,8,5,17,5,4,5,9,1,5,39,1,126,16461,15771,32232
Wyoming,2006-2008,1,0,1,0,2,0,0,0,0,1,0,0,3,0,0,1,0,2,0,0,0,0,0,0,0,2,0,0,4,0,1,0,0,1,0,0,0,0,1,1,0,0,0,0,0,1,0,0,10,593,602,1195
Yates,2006-2008,0,0,0,0,2,1,0,0,0,0,2,1,1,1,0,0,0,0,0,0,0,0,0,0,0,0,0,0,1,0,0,0,0,0,1,0,0,1,0,0,0,0,0,0,0,0,0,0,2,457,465,922
Albany,2009-2011,0,1,0,1,22,5,2,0,3,3,7,7,9,3,0,3,1,3,1,0,7,1,0,0,2,3,0,0,35,0,2,0,0,1,3,4,0,3,3,7,0,0,0,0,0,0,9,0,37,4806,4556,9363
Allegany,2009-2011,0,0,1,0,0,1,0,0,0,0,0,1,3,1,0,0,0,2,0,0,0,0,0,0,0,1,1,0,8,0,1,0,0,1,2,0,0,0,1,1,1,0,0,0,0,0,3,0,2,760,776,1536
Bronx,2009-2011,4,7,9,13,720,58,20,0,14,7,36,41,125,37,2,17,17,28,13,6,25,26,0,9,11,14,3,21,284,10,24,7,15,86,18,35,11,40,18,32,20,6,6,16,3,11,72,9,326,34172,32895,67067
Broome,2009-2011,0,2,0,0,3,2,0,0,0,0,7,3,16,3,1,0,1,4,2,0,2,5,0,0,0,2,0,1,16,0,0,1,0,2,4,5,2,4,5,3,0,0,2,2,3,1,4,0,20,3197,2949,6146
Cattaraugus,2009-2011,0,0,2,0,4,2,0,0,0,1,1,3,4,2,0,0,0,2,0,0,0,0,0,1,2,1,1,0,14,0,2,1,0,1,0,1,0,0,1,0,0,0,0,0,0,1,9,0,8,1448,1406,2854
Cayuga,2009-2011,0,0,0,1,3,0,0,0,0,0,0,5,3,1,0,0,0,2,0,0,0,0,0,0,0,1,0,0,16,0,2,0,1,2,0,4,0,2,0,2,1,0,0,0,0,0,5,0,7,1262,1172,2434
Chautauqua,2009-2011,0,0,0,1,44,2,2,0,1,0,4,3,10,0,1,2,2,5,1,1,0,0,0,0,0,3,0,1,19,0,2,0,0,3,3,5,0,2,3,3,2,1,0,0,0,0,2,0,23,2062,2044,4106
Chemung,2009-2011,0,0,0,0,2,3,0,0,1,0,0,4,7,2,0,3,0,5,0,1,2,0,0,0,0,1,0,2,16,0,2,1,1,3,0,2,1,1,0,1,1,1,0,0,1,0,3,1,6,1543,1391,2934
Chenango,2009-2011,0,0,0,0,4,3,0,0,0,0,1,0,6,1,0,0,0,2,0,0,0,0,0,0,1,1,0,1,10,0,0,1,1,1,0,1,1,1,0,2,1,0,0,0,0,1,2,0,5,767,750,1517
Clinton,2009-2011,0,0,0,0,2,0,0,0,0,2,0,2,4,1,0,0,0,4,0,0,0,1,0,0,0,2,0,1,12,0,0,0,0,0,0,2,0,0,1,0,0,0,0,0,0,0,1,0,9,1164,1137,2301
Columbia,2009-2011,0,0,2,0,2,0,0,0,1,1,1,1,2,1,0,0,0,1,0,0,1,0,0,0,2,0,0,1,5,0,1,0,0,1,2,1,0,1,0,1,0,0,1,1,0,0,2,0,6,839,791,1630
Cortland,2009-2011,0,0,0,1,0,2,0,0,0,0,1,2,6,0,0,0,0,1,0,0,1,0,0,0,1,0,1,0,1,0,0,0,0,1,2,1,2,3,1,0,0,0,0,0,0,1,2,0,5,771,718,1489
Delaware,2009-2011,0,0,0,0,0,1,0,0,0,1,0,0,0,0,0,0,0,1,0,0,1,0,0,0,0,1,1,0,7,0,0,0,0,0,0,0,0,0,1,0,0,0,0,0,0,0,2,1,0,671,634,1305
Dutchess,2009-2011,0,0,4,1,20,6,0,0,0,4,6,3,9,3,1,2,0,5,0,1,3,5,0,0,1,3,1,1,28,0,1,1,1,8,1,3,2,6,1,3,1,1,0,0,1,1,11,0,31,4028,4071,8099
Erie,2009-2011,0,4,6,4,64,15,4,0,14,5,12,22,61,20,2,3,7,29,1,3,13,11,0,5,7,12,2,13,142,5,22,5,2,31,7,23,5,19,12,15,5,5,1,5,4,4,33,7,161,14874,14341,29216
Essex,2009-2011,0,0,0,1,1,0,0,0,1,1,0,1,1,2,0,0,0,0,0,0,0,0,0,0,0,1,0,0,2,0,1,0,0,0,0,0,0,0,1,0,0,0,0,0,0,0,3,0,3,447,432,879
Franklin,2009-2011,0,0,0,0,1,0,0,0,0,1,0,0,2,1,0,0,0,0,0,0,1,0,0,0,0,0,0,2,13,0,1,0,0,1,0,1,0,1,1,0,0,0,0,0,0,0,2,0,2,763,717,1480
Fulton,2009-2011,0,0,0,1,3,0,0,0,1,1,1,2,3,1,0,0,0,1,0,0,0,1,0,1,1,0,1,1,7,1,0,0,0,1,0,1,0,0,1,1,0,0,1,1,0,0,1,0,5,880,815,1695
Genesee,2009-2011,0,0,0,0,1,3,0,0,0,0,1,3,2,0,0,1,0,1,0,0,1,2,0,0,1,3,0,2,11,0,1,1,0,3,0,1,2,0,0,0,1,0,0,0,0,1,2,0,10,953,938,1891
Greene,2009-2011,0,0,0,0,4,2,1,0,0,1,0,1,1,2,0,0,0,1,0,1,1,0,0,0,0,0,0,2,4,0,0,0,0,1,0,0,1,1,0,0,0,1,0,0,0,1,2,0,4,650,680,1330
Hamilton,2009-2011,0,0,0,0,0,0,0,0,0,0,0,0,0,0,0,0,0,0,0,0,0,0,0,0,0,0,0,0,0,0,0,0,0,0,0,0,0,0,0,0,0,0,0,0,0,0,0,0,0,54,59,113
Herkimer,2009-2011,0,1,0,0,4,1,0,0,0,0,3,2,3,2,0,2,0,0,0,1,1,0,0,0,0,1,0,0,14,1,0,1,1,2,0,1,0,1,1,0,0,1,0,0,0,1,4,1,6,978,986,1964
Jefferson,2009-2011,1,0,0,3,16,1,0,0,3,3,2,5,21,4,0,1,0,4,0,0,3,1,0,0,0,8,0,5,33,1,3,2,0,2,0,2,1,1,2,4,0,1,1,1,1,0,9,0,31,3159,2987,6146
Kings,2009-2011,2,7,16,18,763,69,20,2,22,23,45,62,173,71,10,39,14,54,13,12,26,46,0,6,23,11,7,33,389,14,31,10,25,140,41,60,13,61,33,73,21,12,8,17,9,23,145,9,559,64566,60994,125560
Lewis,2009-2011,0,0,0,0,1,3,0,0,1,1,2,1,2,0,0,1,0,0,0,0,1,0,0,0,0,0,0,0,7,0,0,0,0,1,0,0,0,3,1,0,0,0,0,0,0,0,3,0,5,515,483,998
Livingston,2009-2011,0,0,0,0,2,0,0,0,1,0,3,0,2,1,0,0,0,0,0,0,2,0,0,1,0,0,0,2,4,0,0,0,0,2,0,2,0,1,0,0,0,0,0,0,0,0,0,0,9,882,838,1720
Madison,2009-2011,0,0,0,0,4,0,0,0,0,0,1,2,5,2,0,1,0,2,0,0,0,1,0,0,1,0,0,0,14,0,0,0,1,3,1,3,0,0,0,3,0,0,0,0,1,0,5,0,14,1034,984,2018
Monroe,2009-2011,1,0,2,6,55,10,4,1,5,9,17,13,42,9,1,10,4,28,2,8,14,6,0,5,5,14,2,10,142,1,13,3,2,34,16,14,1,18,6,14,2,8,2,4,0,3,34,0,98,13043,12484,25527
Montgomery,2009-2011,0,0,0,0,5,2,1,0,0,0,1,0,4,1,0,0,0,0,0,0,0,0,0,0,0,1,0,0,7,0,1,1,0,1,2,0,1,0,1,1,0,0,0,0,0,0,0,2,2,909,855,1764
Nassau,2009-2011,1,4,2,13,158,14,3,3,3,12,19,19,63,22,0,9,6,28,6,8,10,10,0,4,5,4,1,18,223,4,12,5,1,27,14,16,2,12,10,27,2,8,4,10,4,3,51,3,277,22022,20904,42926
New York,2009-2011,0,4,12,7,386,30,7,1,8,12,27,28,68,33,3,14,2,30,8,5,12,14,0,4,12,8,2,9,208,6,14,7,6,48,12,23,3,20,7,40,2,5,2,4,5,4,59,5,351,30316,29052,59368
Niagara,2009-2011,0,0,0,2,8,2,0,0,2,2,3,3,12,1,0,2,1,3,2,0,0,1,0,1,1,4,1,1,30,1,0,1,1,4,1,6,1,2,1,5,1,0,0,0,0,1,9,0,30,3352,3295,6647
Oneida,2009-2011,2,2,1,1,12,5,1,0,0,2,7,8,17,6,0,1,0,7,1,1,3,2,0,1,1,3,0,2,37,0,1,0,1,9,5,4,2,3,3,3,1,1,1,1,1,2,13,0,38,4044,3904,7950
Onondaga,2009-2011,0,3,1,1,18,9,1,0,4,6,5,9,24,15,1,2,6,6,5,1,5,5,0,2,3,7,0,2,84,0,8,4,1,10,6,8,1,6,7,6,1,1,2,2,2,3,33,1,94,8299,7929,16231
Ontario,2009-2011,0,1,0,1,10,0,0,0,1,1,8,4,2,1,0,1,1,3,2,2,1,1,0,0,3,4,0,1,19,0,1,1,2,3,3,3,1,2,1,3,0,2,1,3,0,0,4,1,15,1633,1471,3104
Orange,2009-2011,0,3,2,0,53,11,2,1,1,5,7,8,18,6,0,3,0,9,5,1,8,6,0,0,6,4,1,3,63,2,9,0,1,7,5,5,2,9,5,8,1,2,0,1,2,2,30,0,87,7612,7157,14769
Orleans,2009-2011,0,0,0,0,2,0,0,0,0,2,1,0,0,0,0,1,0,1,1,0,0,0,0,0,0,0,0,0,6,0,0,0,0,1,1,1,0,0,1,0,0,0,0,0,0,0,1,0,3,648,636,1284
Oswego,2009-2011,0,1,0,2,3,3,0,1,1,0,3,4,9,1,1,1,2,1,2,1,0,1,0,1,2,0,0,2,35,1,0,0,0,2,1,5,1,3,1,1,0,1,0,0,0,1,6,0,27,2092,1985,4077
Otsego,2009-2011,0,0,0,1,5,1,0,0,0,0,1,2,2,0,0,1,0,2,0,0,1,0,0,0,1,0,0,0,9,0,2,0,0,0,0,0,0,1,1,0,0,0,0,0,0,0,3,0,6,824,710,1534
Putnam,2009-2011,0,0,0,0,22,1,0,0,2,0,1,5,4,1,0,0,0,4,0,1,1,0,0,0,1,0,1,1,9,0,1,1,0,2,0,2,0,2,1,1,1,1,0,0,0,0,4,0,14,1355,1237,2592
Queens,2009-2011,4,13,10,8,473,42,10,0,22,23,53,54,119,46,7,16,8,46,8,9,27,32,0,10,25,9,2,20,281,2,17,8,10,74,50,42,6,41,12,35,11,9,2,15,6,8,107,5,412,46994,44524,91518
Rensselaer,2009-2011,0,1,0,2,5,1,1,0,1,1,3,2,5,5,0,0,1,4,2,0,3,1,0,0,2,3,1,3,13,1,5,0,0,2,3,2,1,5,1,3,1,0,0,0,0,0,9,0,17,2582,2433,5015
Richmond,2009-2011,0,1,3,2,44,4,1,0,1,0,5,10,13,9,1,4,0,9,4,0,2,5,0,2,2,4,4,1,61,2,8,2,0,10,8,13,0,4,3,7,1,0,0,0,0,1,14,2,56,8633,8240,16873
Rockland,2009-2011,1,1,5,3,98,5,0,0,5,3,8,9,17,11,2,4,3,7,0,0,5,6,0,0,6,0,3,4,69,0,3,0,0,7,9,7,0,6,2,9,0,0,0,0,0,1,33,1,86,6943,6440,13384
Saratoga,2009-2011,0,1,1,2,8,5,3,0,1,2,2,7,11,5,0,1,0,0,1,0,2,2,0,0,0,3,0,3,41,3,3,1,1,5,0,3,2,4,2,4,0,1,1,1,0,0,8,2,16,3410,3255,6665
Schenectady,2009-2011,0,0,0,2,11,3,0,0,1,3,3,2,14,6,1,1,0,3,0,2,4,3,0,1,0,2,1,3,30,1,3,0,0,8,3,5,1,3,2,2,1,2,0,0,0,0,8,0,18,2825,2570,5395
Schoharie,2009-2011,0,0,0,0,4,1,0,0,0,0,1,1,1,1,0,0,0,2,0,0,1,0,0,0,0,0,0,0,4,0,0,1,0,0,0,0,0,1,0,0,0,0,0,0,0,0,2,1,5,422,430,852
Schuyler,2009-2011,0,0,0,0,1,0,1,0,0,0,0,1,4,0,0,1,0,0,0,0,0,0,0,0,0,0,0,0,0,0,0,0,0,1,0,1,0,0,0,0,0,0,0,0,0,0,0,0,1,245,238,483
Seneca,2009-2011,0,0,0,0,1,0,0,0,0,0,1,0,2,2,0,0,1,1,1,0,0,2,0,0,0,0,0,0,6,0,0,0,0,1,1,1,0,0,0,0,0,0,0,0,0,0,1,0,3,608,554,1162
St. Lawrence,2009-2011,0,1,0,1,3,0,0,0,4,1,2,4,2,3,2,2,0,1,0,1,3,0,0,0,0,2,0,1,20,2,1,1,0,3,3,1,0,2,2,2,1,1,1,1,0,0,3,0,7,1894,1736,3631
Steuben,2009-2011,0,0,0,0,9,3,1,0,1,0,3,1,10,3,0,1,1,6,1,0,0,1,0,0,2,3,0,1,13,0,0,2,0,1,0,1,0,2,3,4,0,0,0,0,0,0,10,1,7,1714,1631,3345
Suffolk,2009-2011,1,6,7,8,289,15,8,0,10,18,26,36,71,33,2,15,5,23,5,6,9,12,0,2,17,7,1,10,249,3,17,5,7,51,32,21,0,24,8,22,5,6,3,6,3,5,69,3,327,25479,24493,49972
Sullivan,2009-2011,0,0,0,0,2,0,0,0,1,1,1,1,2,1,0,0,0,5,0,0,1,0,0,0,0,1,0,0,13,0,1,0,0,0,0,0,0,0,1,4,0,0,0,0,0,0,0,0,6,1261,1210,2471
Tioga,2009-2011,0,0,0,0,3,0,0,0,0,1,0,1,5,0,0,0,0,0,0,0,2,0,0,0,3,1,0,0,7,0,1,0,0,3,1,1,0,0,0,0,0,0,0,0,0,0,0,0,5,579,556,1135
Tompkins,2009-2011,0,0,0,1,6,1,1,0,1,2,1,3,9,3,1,2,0,2,0,0,1,0,0,1,1,1,0,0,15,1,0,0,1,4,0,1,0,0,1,2,1,0,0,1,0,0,0,1,11,1333,1320,2653
Ulster,2009-2011,0,1,1,2,5,2,0,0,2,3,6,1,10,4,2,1,0,3,1,1,1,3,0,0,2,2,0,3,15,2,0,3,1,4,2,0,1,5,1,2,0,1,0,0,0,1,7,0,12,2560,2494,5054
Warren,2009-2011,0,0,0,0,1,2,0,0,0,0,0,0,3,2,1,0,0,2,1,0,1,1,0,0,0,1,0,1,10,0,0,0,0,0,0,1,1,1,1,0,1,0,0,0,0,0,2,2,7,946,902,1848
Washington,2009-2011,0,0,0,0,3,0,0,0,0,2,0,1,2,1,0,1,0,1,3,0,1,0,0,0,0,2,0,2,11,1,0,0,0,3,1,2,0,1,2,3,0,0,0,0,0,0,1,0,12,924,803,1727
Wayne,2009-2011,0,2,1,1,4,3,0,0,1,1,4,1,3,2,0,2,1,3,1,0,2,2,0,0,0,3,0,0,17,1,0,1,1,5,4,5,0,2,1,3,1,0,1,1,0,0,5,0,1,1529,1534,3063
Westchester,2009-2011,0,7,7,4,127,17,5,0,3,2,10,18,47,12,0,6,9,28,4,2,7,7,0,1,7,11,3,6,136,0,5,1,2,22,20,16,3,18,7,12,7,2,1,5,1,1,40,0,143,15840,15001,30841
Wyoming,2009-2011,0,0,1,0,3,0,0,1,1,0,1,1,3,0,0,0,1,2,0,0,0,1,0,0,0,0,0,1,5,0,2,0,0,2,0,0,0,1,0,2,1,0,0,0,0,0,0,0,4,604,596,1200
Yates,2009-2011,0,0,0,0,1,1,0,0,0,1,1,0,1,1,0,0,0,0,0,0,0,0,0,0,0,0,0,1,4,0,0,0,0,0,0,2,0,0,1,0,0,0,0,0,0,0,3,0,1,481,487,968
Albany,2012-2014,1,0,0,0,39,2,0,2,0,5,1,9,18,4,0,2,0,8,0,0,0,1,0,0,5,5,0,9,43,0,3,4,1,5,5,3,0,5,3,6,1,1,0,1,0,1,15,1,31,4802,4631,9433
Allegany,2012-2014,1,1,1,0,2,1,0,0,0,0,3,0,3,0,1,1,0,0,0,1,0,0,0,0,0,1,0,0,15,0,1,0,0,0,0,0,0,0,0,2,0,1,0,0,0,0,3,0,3,803,658,1461
Bronx,2012-2014,4,9,13,8,942,50,10,1,21,12,23,31,128,53,6,26,11,46,15,10,17,20,0,8,17,23,3,22,282,8,29,9,9,106,24,26,6,33,21,27,10,11,5,6,8,10,100,1,368,32358,31390,63748
Broome,2012-2014,2,0,0,1,34,1,1,0,0,0,5,7,9,5,0,1,3,1,2,0,2,2,0,0,0,5,0,3,35,1,3,0,0,0,2,5,0,1,4,2,0,0,3,4,1,3,10,1,30,3251,2997,6248
Cattaraugus,2012-2014,0,0,0,0,2,0,0,0,1,2,0,1,10,1,0,1,0,2,0,0,1,0,0,0,0,2,0,0,13,0,3,0,0,0,2,3,0,1,3,0,1,0,0,0,0,0,2,0,8,1422,1324,2746
Cayuga,2012-2014,0,0,0,0,1,0,0,0,0,0,2,0,3,0,0,0,0,2,0,0,1,0,0,2,2,3,0,0,21,0,0,0,0,0,1,0,0,0,0,0,0,0,0,0,0,0,4,0,5,1206,1115,2321
Chautauqua,2012-2014,0,0,2,0,51,1,2,0,1,2,3,4,12,6,0,0,1,10,1,2,3,1,0,0,1,3,0,2,20,0,4,2,0,4,1,1,2,2,3,3,1,2,0,0,0,0,3,0,21,2152,2071,4223
Chemung,2012-2014,0,0,0,0,2,0,1,0,1,1,3,4,6,2,0,0,0,1,0,2,0,0,0,0,0,1,1,0,10,1,0,1,0,4,2,3,0,1,2,2,0,2,0,0,0,0,1,0,9,1499,1459,2958
Chenango,2012-2014,0,0,0,1,5,1,1,0,1,0,1,0,4,0,0,0,1,4,0,1,0,1,0,0,0,1,1,1,11,0,1,1,1,2,1,1,0,1,1,2,0,1,1,2,0,0,4,0,1,815,777,1592
Clinton,2012-2014,0,0,0,0,4,0,1,0,0,1,0,1,5,1,0,0,0,4,0,0,1,0,0,0,0,0,0,0,6,0,0,1,0,0,0,1,0,0,1,0,0,0,0,0,0,0,2,0,7,1188,1077,2265
Columbia,2012-2014,0,0,0,0,11,1,0,0,0,3,0,1,3,0,0,0,0,0,0,2,0,0,0,0,1,0,1,0,9,0,0,1,0,0,0,3,0,1,1,0,1,2,0,0,0,0,2,1,4,808,755,1563
Cortland,2012-2014,0,0,0,0,0,0,0,0,1,2,0,2,1,1,0,0,0,1,0,0,0,0,0,0,0,1,0,0,7,0,0,0,0,1,0,1,0,1,0,2,1,0,0,0,0,0,1,0,6,730,680,1410
Delaware,2012-2014,0,0,1,1,9,0,0,0,1,0,0,2,0,1,0,0,0,2,0,0,0,0,0,0,0,1,0,0,7,0,1,0,0,2,1,1,0,0,0,0,0,0,0,0,0,0,0,0,2,616,603,1219
Dutchess,2012-2014,0,0,2,1,32,4,2,0,1,1,3,1,6,5,0,2,1,3,0,3,0,7,0,3,2,2,0,3,37,0,1,3,2,7,2,4,4,7,4,5,0,3,1,2,0,3,13,0,31,4159,3828,7987
Erie,2012-2014,3,4,3,4,42,18,6,1,12,9,17,21,53,8,2,9,2,20,6,5,10,2,0,3,3,12,2,8,161,2,7,5,0,22,12,14,2,11,10,17,4,5,1,1,1,4,39,2,136,15261,14666,29927
Essex,2012-2014,0,0,0,0,3,0,0,0,0,1,0,0,1,1,0,0,0,1,0,0,0,1,0,0,0,0,0,1,2,0,0,0,0,0,1,0,0,1,0,0,0,0,0,0,0,0,3,0,4,484,458,942
Franklin,2012-2014,0,0,0,0,3,0,0,0,1,1,2,0,2,2,0,0,0,0,1,0,1,1,0,0,1,1,0,0,10,0,0,0,0,1,0,0,0,1,1,0,0,0,0,0,0,0,1,0,3,761,721,1482
Fulton,2012-2014,0,1,0,0,4,0,0,0,1,1,2,2,2,1,0,0,0,1,0,1,0,1,0,0,1,1,0,1,6,0,3,0,0,1,2,1,0,0,0,0,0,1,0,0,0,0,3,0,0,838,746,1584
Genesee,2012-2014,0,0,0,0,0,2,0,0,1,0,0,0,2,0,0,1,0,0,0,1,0,1,0,0,1,0,0,0,11,0,0,0,0,2,0,0,0,0,1,0,0,1,1,1,1,0,1,1,6,901,895,1796
Greene,2012-2014,0,1,1,0,2,1,0,0,0,0,0,1,4,0,0,0,0,0,0,0,1,0,0,1,0,0,0,0,10,1,0,0,0,0,0,0,0,0,1,1,0,0,0,1,0,0,3,0,2,601,627,1228
Hamilton,2012-2014,0,0,0,0,1,1,0,0,0,1,0,0,0,0,0,0,0,0,0,0,0,0,0,0,0,0,0,0,2,0,0,0,0,0,0,0,0,0,0,0,0,0,0,0,0,0,0,0,0,48,46,94
Herkimer,2012-2014,0,2,1,0,8,1,0,1,1,0,2,6,2,0,1,1,0,1,1,0,0,0,0,0,0,2,0,0,12,0,1,3,0,1,1,2,1,2,0,2,0,0,1,1,2,0,2,0,7,1046,942,1988
Jefferson,2012-2014,0,0,0,1,11,0,0,0,0,3,4,8,21,1,1,2,2,5,3,1,1,0,0,0,3,4,0,1,36,1,4,0,0,0,2,7,0,3,2,4,1,1,0,0,1,1,5,0,30,3388,3176,6564
Kings,2012-2014,6,11,17,19,713,79,14,2,22,16,48,68,171,90,6,29,13,67,21,23,29,31,0,13,30,17,9,23,516,7,21,10,12,116,60,78,6,60,32,77,17,24,16,22,11,17,162,9,603,64049,61303,125352
Lewis,2012-2014,0,0,0,0,3,0,0,0,0,0,2,2,1,0,0,0,0,1,0,1,0,0,0,0,0,0,0,2,4,0,0,0,1,2,0,2,1,0,0,0,0,1,0,0,0,0,0,0,4,510,507,1017
Livingston,2012-2014,0,0,0,0,3,1,1,0,0,0,0,1,1,1,0,0,0,1,0,0,0,0,0,0,0,3,0,1,7,0,0,0,0,1,0,0,0,1,0,0,0,0,0,0,0,0,4,0,6,811,742,1553
Madison,2012-2014,0,1,0,0,7,0,1,0,1,3,2,3,3,2,0,1,0,1,0,0,0,0,0,1,0,0,0,0,14,0,2,2,0,1,0,2,0,1,0,1,0,0,0,0,1,0,3,0,8,1042,957,1999
Monroe,2012-2014,1,0,5,4,81,11,2,0,5,3,9,18,33,10,4,6,2,18,3,4,9,8,0,0,4,11,4,5,130,5,11,3,2,27,10,13,4,21,1,14,2,4,2,2,0,5,44,3,112,12723,12290,25013
Montgomery,2012-2014,0,1,0,0,5,2,0,1,0,1,0,0,2,3,0,0,0,3,1,0,2,0,0,0,1,0,0,0,4,1,0,0,0,0,0,2,0,0,0,1,0,0,0,0,0,0,3,0,6,896,880,1776
Nassau,2012-2014,1,3,6,6,211,12,11,0,7,16,12,25,62,19,3,6,9,18,7,4,19,5,0,3,10,8,3,10,234,4,12,4,0,25,21,23,1,18,11,18,6,4,3,6,1,7,45,3,214,21396,20758,42154
New York,2012-2014,1,5,8,2,394,30,4,0,11,9,24,17,86,29,2,16,5,46,2,14,14,7,0,4,11,2,2,9,226,4,17,5,6,36,14,41,3,11,6,29,8,14,3,3,3,4,48,6,314,28774,27215,55989
Niagara,2012-2014,1,2,1,1,6,2,1,0,2,4,1,6,10,3,0,1,0,4,1,3,1,7,0,0,3,7,1,3,33,0,0,1,0,6,2,3,1,1,2,9,1,3,0,0,0,0,7,1,31,3244,3249,6493
Oneida,2012-2014,3,1,3,1,18,3,0,1,1,3,7,8,16,5,1,1,0,3,2,2,1,3,0,0,1,7,2,1,38,3,5,2,1,7,3,0,0,8,4,8,2,2,2,4,0,1,22,0,35,3957,3794,7751
Onondaga,2012-2014,0,3,2,0,25,4,2,0,2,13,4,12,22,6,0,2,3,9,1,3,5,3,0,1,1,6,1,3,99,0,2,4,0,9,3,17,1,4,5,4,1,3,6,7,1,1,21,1,77,8157,7684,15841
Ontario,2012-2014,0,3,1,4,17,2,0,0,0,1,0,1,4,4,1,0,1,1,0,2,3,0,0,0,1,1,0,0,21,0,1,1,1,6,4,1,1,1,1,0,0,3,1,1,0,0,7,0,17,1601,1556,3157
Orange,2012-2014,1,7,1,2,97,3,1,0,2,4,13,3,21,5,1,8,1,11,3,2,7,5,0,2,5,4,0,5,71,0,4,4,2,7,7,7,1,9,1,9,2,2,0,0,4,1,22,2,74,7334,6992,14326
Orleans,2012-2014,0,0,0,1,4,0,0,0,0,1,0,2,7,3,0,0,0,2,0,0,1,2,0,0,1,0,0,0,5,0,1,0,0,5,0,0,0,0,0,2,0,0,0,0,0,0,1,0,2,619,617,1236
Oswego,2012-2014,0,1,0,0,9,1,0,0,0,1,4,3,8,0,0,0,0,1,0,0,0,1,0,1,1,2,0,0,30,0,1,1,0,5,1,5,0,0,0,1,0,0,0,1,0,0,4,2,25,1991,1942,3933
Otsego,2012-2014,0,0,0,0,5,1,0,0,1,2,2,0,2,0,0,1,0,2,0,0,1,1,0,0,1,0,1,0,7,0,1,3,0,1,0,3,0,1,1,1,0,0,0,0,1,0,1,0,3,819,773,1592
Putnam,2012-2014,0,1,3,0,13,1,1,0,1,0,2,0,4,5,0,0,0,2,1,0,1,0,0,0,1,0,0,2,11,0,0,0,0,1,0,2,0,1,0,1,0,0,0,0,0,0,5,2,25,1231,1223,2454
Queens,2012-2014,2,11,23,7,482,46,11,0,13,26,47,50,129,50,3,10,7,112,15,14,24,23,0,6,20,16,5,17,318,4,21,2,11,93,37,37,8,33,14,71,14,15,4,7,7,16,114,5,383,46737,44184,90921
Rensselaer,2012-2014,0,0,0,0,16,1,0,0,0,0,3,0,6,0,1,0,0,3,1,2,0,1,0,1,0,3,0,2,22,0,2,0,0,0,2,0,0,3,0,2,0,2,0,1,0,1,5,0,21,2466,2530,4996
Richmond,2012-2014,0,1,3,0,39,7,1,1,4,2,4,13,17,4,1,5,0,9,4,2,2,3,0,1,3,5,0,1,86,3,5,1,1,10,4,4,0,11,3,9,1,2,1,1,0,4,14,0,47,8141,7753,15894
Rockland,2012-2014,2,3,2,1,141,3,2,0,1,3,6,5,19,11,1,3,0,15,2,2,4,5,0,2,3,3,0,3,72,2,4,4,1,10,6,16,2,5,4,7,1,2,3,3,1,1,24,0,72,7232,7180,14413
Saratoga,2012-2014,0,0,0,1,21,0,1,0,1,3,4,4,11,0,1,1,1,5,1,2,0,3,0,1,3,2,0,0,32,0,0,1,0,3,4,2,1,2,1,0,0,2,0,0,0,2,3,0,20,3432,3249,6681
Schenectady,2012-2014,1,0,0,0,14,4,0,1,1,0,2,4,7,1,0,0,0,1,0,1,4,1,0,0,1,1,0,1,27,0,1,2,2,3,2,2,0,2,2,5,0,1,0,0,0,0,9,0,20,2802,2618,5420
Schoharie,2012-2014,0,0,0,0,5,0,0,0,0,0,0,0,0,0,0,1,0,2,1,0,0,0,0,0,0,0,0,0,6,0,0,0,0,1,2,0,0,0,1,0,0,0,0,0,0,0,1,0,2,396,377,773
Schuyler,2012-2014,0,0,0,0,0,0,0,0,0,0,0,0,3,0,0,0,0,1,0,0,0,0,0,0,0,1,1,0,1,0,0,0,0,0,0,0,0,0,0,0,0,0,0,0,0,0,0,0,2,254,268,522
Seneca,2012-2014,0,1,0,0,3,1,1,1,0,1,2,1,2,0,0,0,1,3,0,1,0,1,0,0,0,0,0,0,5,0,0,1,0,1,3,1,0,0,1,1,0,1,0,0,0,0,6,0,1,575,557,1132
St. Lawrence,2012-2014,0,0,0,0,6,1,0,0,1,2,1,3,2,0,0,0,1,4,0,0,1,1,0,0,1,2,0,2,25,0,1,0,0,2,1,0,0,0,4,0,1,0,0,0,0,0,5,1,7,1873,1741,3614
Steuben,2012-2014,0,1,0,0,6,1,0,0,0,1,5,4,8,1,0,1,0,2,1,0,1,2,0,0,1,2,1,2,18,2,1,1,0,6,1,0,0,1,2,2,2,0,0,1,0,1,6,0,9,1671,1602,3273
Suffolk,2012-2014,4,5,9,2,400,22,8,0,7,13,24,37,69,29,2,9,4,33,6,8,12,14,0,5,12,14,2,6,235,3,13,5,6,43,26,28,2,29,10,33,7,8,2,4,1,7,63,4,271,23833,22990,46825
Sullivan,2012-2014,0,3,0,0,7,1,0,0,0,1,3,1,5,1,0,0,2,1,0,0,1,1,0,0,1,1,0,0,11,0,2,0,0,2,1,4,0,1,1,0,0,0,0,0,0,1,1,1,9,1292,1278,2571
Tioga,2012-2014,0,0,0,1,4,0,0,0,0,2,2,3,3,2,0,0,0,1,0,0,0,0,0,0,1,1,0,0,12,0,1,0,0,0,0,0,0,0,0,0,0,0,0,0,0,0,2,0,2,773,755,1528
Tompkins,2012-2014,0,0,1,0,9,1,0,0,0,1,3,4,9,1,0,0,0,2,1,1,0,1,0,0,0,0,0,0,14,0,1,0,0,2,0,0,0,1,1,1,0,1,3,3,0,1,2,0,15,1328,1323,2651
Ulster,2012-2014,0,0,0,1,10,4,0,0,0,2,3,6,14,5,2,2,0,6,3,1,2,1,0,1,2,1,1,1,31,0,2,1,1,1,2,3,1,3,1,3,1,1,0,0,0,2,8,1,12,2410,2283,4693
Warren,2012-2014,0,0,0,0,4,0,0,0,0,1,0,4,1,1,1,0,0,1,1,0,0,0,0,0,0,0,0,2,9,0,0,0,0,1,0,1,0,1,0,1,1,0,0,0,0,0,5,0,5,885,873,1758
Washington,2012-2014,0,1,0,0,11,1,0,0,0,0,1,2,5,2,0,0,0,2,0,1,2,0,0,0,0,2,0,0,8,0,1,0,0,0,2,0,1,0,1,0,0,1,0,0,0,0,2,0,8,952,864,1816
Wayne,2012-2014,0,0,2,1,11,0,1,0,0,0,1,2,11,0,1,1,0,3,1,0,0,0,0,0,0,0,0,1,17,1,1,0,0,2,1,0,0,1,0,0,0,0,1,2,0,0,3,0,16,1485,1413,2898
Westchester,2012-2014,1,6,9,5,166,11,4,2,7,5,13,19,56,18,2,8,8,31,8,4,9,5,0,3,10,5,1,9,143,4,10,5,2,25,6,13,1,13,12,17,2,5,4,6,1,2,41,3,170,16218,15419,31637
Wyoming,2012-2014,0,0,0,0,2,1,0,0,1,1,0,1,1,2,0,0,0,0,0,2,0,0,0,0,0,1,0,1,5,1,1,1,0,1,0,0,0,0,0,2,0,2,0,0,0,0,1,0,4,612,541,1153
Yates,2012-2014,0,0,0,0,3,0,0,0,0,0,0,0,2,1,1,0,0,0,1,0,1,0,0,0,0,1,0,0,3,1,0,0,0,0,0,0,0,0,0,0,0,0,0,0,0,1,1,0,4,446,468,914
